 

IV. INDEX VERBORVM RHETORIGORVM 239

8800, ιε, 18. 18, 88, 0, 78, 20,
78, 8, 70, 22. 20. 82, 77, 2,
78, 18, 80, 18, 81,11, 87,18

παιδαριῶδες, τό 66, 24

παίζειν 66,4

παιώνιος 76, 21

παλιλλογία 42, 18 - 43

παραβολή 86, 16

παραγράφειν 76, 21

παράδειγμα 16, 6. 9, 17, 11,
24, 5, 42, 9, 60, 6, 74, 10

παράθεσις 18, 21, 19, 10

παραλαμβάνειν 48, 17, 67, 6,
ιιο, 17

παράλειψις 96, 16

παρατράγῳδος 66, 16

παρέκβασις 101, 24

παρεκτροπή 102, 6

παρεμβάλλειν 69, 24, 60, 19

παρεμβολή 59,17- 60

παρέμπτωσις 49, 17

παρένθεσις 49, 17

παρεπόμενον, τό 18, 22, 19, 19

πάρισον 60, 26

παρίσιοσις 107, 9, 194, 9

παρρησία 122, 9, 124, 9. 12,
ιιο,ι

παρρησιάζεσθαι 124, 16. 16

παγάς82, 17

πεπιεσμένος 111, 14

πεποιημένον, τὸ 66, 17

περιεργία 66, 16

περίοδος 66, 916, 46, 10, 106,
21, 128, 28, 120, 8. 8. 8

περιουσία 162, 26

περιοχή 18, 22, 19, 14

περιττόν, τὸ 66, 17, 106, 19,
107,2

περισσός 96, 6, 197, 12

περιφράζειν 49, 2

περίφρασις 48, 2 - 49, 81,

8888, 39, ιι - ιι, ι; ιι,
23 - 75

πηλικόιης 64, 16

πιθανόν, τὸ 66, 16. 16

πιθανός 89, 6, 97, 9. 21, 98, 6
πα2ανόσης 13, 9

πίστις 14, 9. 14, 74, 10
πιστός 76, 2

πλαγιασμός 126, 24

· πλάγιον 196, 20

πλεονασμός 46, 24 - 47

πνεῦμα 111, 16, 124, 6

πορηηικβς 162,12, 134, 26,

7

ποικιλία 126, 29, 126, 7, 204, 26

ποικίλλειν 106, 7

ποικίλος 196, 17

πολιτικόν, τὸ 107, 21

πολιτιὶός 197, 7

πολιτικὸς λόγος 7, 8, 69, 16,
107, 8, 124,4

πολυπρόσωπον 81, 6

πολάπιωτον 51,1.16, 78, 11

πολοσχήμων 106, 6

πομπικῶς 86, 9

πρᾶγμα 48, 14

πράγματα 7, 10. 16b18304,18,
88, 4, 08,18, 88, 8, 108, 22,
122, 18, 128, 28, 188, 17,
1888

πραγματικός 7, 2

πρέπειν 194, 60. 31, 196, 24,

πρέπον, τὸ 126, 9. 10

προαίρεσις 97, 17. 21, 98, 18

πρόβλημα 166, 6

προεπιπλήσσειν 27, 11

προοίμιον 10, 16, 11, 4, 14, 7,
ιοι, 20, 120, 7. 11. 20, 121,
8. 8, 128, 28, 188,18, 187,

προσδιορισμός 61, 12

προσεκτικός 41, 10, 80, 11

προσήνεια 12, 12

προσκορές, τὸ 167, 9

προσοχή 68, 7, 41, 9

προσποίησις 96, 8

προσωποποιία 194, 26

, 0 πρότασις 61, 20

f προτροπή 7, 19, 74, 10

 

